,Trip ID,Duration (days),Traveler age,Accommodation cost,Transportation cost,Total_Cost,Cost_Per_Day,Travel_Month,Travel_Year
Trip ID,1.0,-0.031443775428869884,0.05035471718464721,0.1002928317679306,,0.1002928317679306,0.04657904119422294,-0.18394441194438965,0.011614478594608508
Duration (days),-0.031443775428869884,1.0,-0.10468581845678548,-0.07198484689028706,,-0.07198484689028706,-0.9860334701566185,-0.0557264371848058,-0.09833813587818513
Traveler age,0.05035471718464721,-0.10468581845678548,1.0,-0.2310416300458837,,-0.2310416300458837,0.08800284419713895,0.05472485144785796,-0.09876106507624685
Accommodation cost,0.1002928317679306,-0.07198484689028706,-0.2310416300458837,1.0,,1.0,0.1685826198197248,0.23471302943289454,-0.07664115374153466
Transportation cost,,,,,,,,,
Total_Cost,0.1002928317679306,-0.07198484689028706,-0.2310416300458837,1.0,,1.0,0.1685826198197248,0.23471302943289454,-0.07664115374153466
Cost_Per_Day,0.04657904119422294,-0.9860334701566185,0.08800284419713895,0.1685826198197248,,0.1685826198197248,1.0,0.09021726463005993,0.04387552044197757
Travel_Month,-0.18394441194438965,-0.0557264371848058,0.05472485144785796,0.23471302943289454,,0.23471302943289454,0.09021726463005993,1.0,-0.35409291251767455
Travel_Year,0.011614478594608508,-0.09833813587818513,-0.09876106507624685,-0.07664115374153466,,-0.07664115374153466,0.04387552044197757,-0.35409291251767455,1.0
